hub_height: 100.
D_bottom: 4.
D_top: 2.
M_bottom: 8.31829156476416E+004
M_leq: 3.4090546856856967E+0004
WohlerExpTower: 4.
Slim_ext: 235.0
Slim_fat: 14.885
SF_tower: 1.5
Neq: 1.e7
